input : 
26
52
0 14
1 15
2 16
3 12
3 13
3 14
4 11
4 13
4 14
4 15
4 16
4 17
5 17
6 17
6 18
7 18
7 19
7 20
8 18
8 21
8 22
9 22
9 23
10 23
10 24
10 25


================================================================== 

----------------got the edges --------------------
--------------------got the elimanation order ------------------
14---0
15---1
16---2
17---5
4---11
3---12
1---15
4---15
2---16
4---16
7---19
7---20
18---7
19---7
20---7
8---21
10---24
10---25
23---10
24---10
25---10
9---23
10---23
22---9
23---9
8---22
9---22
18---8
21---8
22---8
6---18
7---18
8---18
17---6
18---6
4---17
5---17
6---17
12---3
13---3
14---3
3---13
4---13
11---4
13---4
14---4
15---4
16---4
17---4
0---14
3---14
4---14
-----------------sorted the neighbourse------------------------------
loop not yet started
weak elimination order : 
0 1 2 5 11 12 15 16 19 20 7 21 24 25 10 23 9 22 8 18 6 17 3 13 4 14 
sorted neighbours list : 
14 
15 
16 
12 13 14 
11 15 16 17 13 14 
17 
18 17 
19 20 18 
21 22 18 
23 22 
24 25 23 
4 
3 
3 4 
0 3 4 
1 4 
2 4 
5 6 4 
7 8 6 
7 
7 
8 
9 8 
10 9 
10 
10 
f(0) = 14
f(1) = 15
f(2) = 16
f(5) = 17
f(11) = 4
f(12) = 3
f(15) = 4
f(16) = 4
f(19) = 7
f(20) = 7
f(7) = 18
f(21) = 8
f(24) = 10
f(25) = 10
f(10) = 23
f(23) = 9
f(9) = 22
f(22) = 8
f(8) = 18
f(18) = 6
f(6) = 17
f(17) = 4
f(3) = 14
f(13) = 4
f(4) = 14
f(14) = 4
------------------------calculated f function --------------------------
==================PD_CBG================
degree of vertes : 
1 1 1 3 6 1 2 3 3 2 3 1 1 2 3 2 2 3 3 1 1 1 2 2 1 1 
--------------------------iteration - 0--------------------
vertices :  0 |  1 |  2 |  3 |  4 |  5 |  6 |  7 |  8 |  9 |  10 |  11 |  12 |  13 |  14 |  15 |  16 |  17 |  18 |  19 |  20 |  21 |  22 |  23 |  24 |  25 | 
D[v] :      0 |  0 |  0 |  0 |  0 |  0 |  0 |  0 |  0 |  0 |  0 |  0 |  0 |  0 |  0 |  0 |  0 |  0 |  0 |  0 |  0 |  0 |  0 |  0 |  0 |  0 | 
L[v] :      0 |  0 |  0 |  0 |  0 |  0 |  0 |  0 |  0 |  0 |  0 |  0 |  0 |  0 |  0 |  0 |  0 |  0 |  0 |  0 |  0 |  0 |  0 |  0 |  0 |  0 | 
degree[v] : 1 |  1 |  1 |  3 |  6 |  1 |  2 |  3 |  3 |  2 |  3 |  1 |  1 |  2 |  3 |  2 |  2 |  3 |  3 |  1 |  1 |  1 |  2 |  2 |  1 |  1 | 
current vertex : 0
t : []
s = []
entered if condition D[0] = 0
f(0) = 14
L[f(0)] = 1
D[14] = 1 
D[0] = 1 
D[3] = 1 
D[4] = 1 
-----------------------------------------end-------------------------
--------------------------iteration - 1--------------------
vertices :  0 |  1 |  2 |  3 |  4 |  5 |  6 |  7 |  8 |  9 |  10 |  11 |  12 |  13 |  14 |  15 |  16 |  17 |  18 |  19 |  20 |  21 |  22 |  23 |  24 |  25 | 
D[v] :      1 |  0 |  0 |  1 |  1 |  0 |  0 |  0 |  0 |  0 |  0 |  0 |  0 |  0 |  1 |  0 |  0 |  0 |  0 |  0 |  0 |  0 |  0 |  0 |  0 |  0 | 
L[v] :      0 |  0 |  0 |  0 |  0 |  0 |  0 |  0 |  0 |  0 |  0 |  0 |  0 |  0 |  1 |  0 |  0 |  0 |  0 |  0 |  0 |  0 |  0 |  0 |  0 |  0 | 
degree[v] : 0 |  1 |  1 |  3 |  6 |  1 |  2 |  3 |  3 |  2 |  3 |  1 |  1 |  2 |  2 |  2 |  2 |  3 |  3 |  1 |  1 |  1 |  2 |  2 |  1 |  1 | 
current vertex : 1
t : []
s = []
entered if condition D[1] = 0
f(1) = 15
L[f(1)] = 1
D[15] = 1 
D[1] = 1 
D[4] = 1 
-----------------------------------------end-------------------------
--------------------------iteration - 2--------------------
vertices :  0 |  1 |  2 |  3 |  4 |  5 |  6 |  7 |  8 |  9 |  10 |  11 |  12 |  13 |  14 |  15 |  16 |  17 |  18 |  19 |  20 |  21 |  22 |  23 |  24 |  25 | 
D[v] :      1 |  1 |  0 |  1 |  1 |  0 |  0 |  0 |  0 |  0 |  0 |  0 |  0 |  0 |  1 |  1 |  0 |  0 |  0 |  0 |  0 |  0 |  0 |  0 |  0 |  0 | 
L[v] :      0 |  0 |  0 |  0 |  0 |  0 |  0 |  0 |  0 |  0 |  0 |  0 |  0 |  0 |  1 |  1 |  0 |  0 |  0 |  0 |  0 |  0 |  0 |  0 |  0 |  0 | 
degree[v] : 0 |  0 |  1 |  3 |  6 |  1 |  2 |  3 |  3 |  2 |  3 |  1 |  1 |  2 |  2 |  1 |  2 |  3 |  3 |  1 |  1 |  1 |  2 |  2 |  1 |  1 | 
current vertex : 2
t : []
s = []
entered if condition D[2] = 0
f(2) = 16
L[f(2)] = 1
D[16] = 1 
D[2] = 1 
D[4] = 1 
-----------------------------------------end-------------------------
--------------------------iteration - 3--------------------
vertices :  0 |  1 |  2 |  3 |  4 |  5 |  6 |  7 |  8 |  9 |  10 |  11 |  12 |  13 |  14 |  15 |  16 |  17 |  18 |  19 |  20 |  21 |  22 |  23 |  24 |  25 | 
D[v] :      1 |  1 |  1 |  1 |  1 |  0 |  0 |  0 |  0 |  0 |  0 |  0 |  0 |  0 |  1 |  1 |  1 |  0 |  0 |  0 |  0 |  0 |  0 |  0 |  0 |  0 | 
L[v] :      0 |  0 |  0 |  0 |  0 |  0 |  0 |  0 |  0 |  0 |  0 |  0 |  0 |  0 |  1 |  1 |  1 |  0 |  0 |  0 |  0 |  0 |  0 |  0 |  0 |  0 | 
degree[v] : 0 |  0 |  0 |  3 |  6 |  1 |  2 |  3 |  3 |  2 |  3 |  1 |  1 |  2 |  2 |  1 |  1 |  3 |  3 |  1 |  1 |  1 |  2 |  2 |  1 |  1 | 
current vertex : 5
t : []
s = []
entered if condition D[5] = 0
f(5) = 17
L[f(5)] = 1
D[17] = 1 
D[5] = 1 
D[6] = 1 
D[4] = 1 
-----------------------------------------end-------------------------
--------------------------iteration - 4--------------------
vertices :  0 |  1 |  2 |  3 |  4 |  5 |  6 |  7 |  8 |  9 |  10 |  11 |  12 |  13 |  14 |  15 |  16 |  17 |  18 |  19 |  20 |  21 |  22 |  23 |  24 |  25 | 
D[v] :      1 |  1 |  1 |  1 |  1 |  1 |  1 |  0 |  0 |  0 |  0 |  0 |  0 |  0 |  1 |  1 |  1 |  1 |  0 |  0 |  0 |  0 |  0 |  0 |  0 |  0 | 
L[v] :      0 |  0 |  0 |  0 |  0 |  0 |  0 |  0 |  0 |  0 |  0 |  0 |  0 |  0 |  1 |  1 |  1 |  1 |  0 |  0 |  0 |  0 |  0 |  0 |  0 |  0 | 
degree[v] : 0 |  0 |  0 |  3 |  6 |  0 |  2 |  3 |  3 |  2 |  3 |  1 |  1 |  2 |  2 |  1 |  1 |  2 |  3 |  1 |  1 |  1 |  2 |  2 |  1 |  1 | 
current vertex : 11
t : []
s = []
entered if condition D[11] = 0
f(11) = 4
L[f(11)] = 1
D[4] = 1 
D[11] = 1 
D[15] = 1 
D[16] = 1 
D[17] = 1 
D[13] = 1 
D[14] = 1 
-----------------------------------------end-------------------------
--------------------------iteration - 5--------------------
vertices :  0 |  1 |  2 |  3 |  4 |  5 |  6 |  7 |  8 |  9 |  10 |  11 |  12 |  13 |  14 |  15 |  16 |  17 |  18 |  19 |  20 |  21 |  22 |  23 |  24 |  25 | 
D[v] :      1 |  1 |  1 |  1 |  1 |  1 |  1 |  0 |  0 |  0 |  0 |  1 |  0 |  1 |  1 |  1 |  1 |  1 |  0 |  0 |  0 |  0 |  0 |  0 |  0 |  0 | 
L[v] :      0 |  0 |  0 |  0 |  1 |  0 |  0 |  0 |  0 |  0 |  0 |  0 |  0 |  0 |  1 |  1 |  1 |  1 |  0 |  0 |  0 |  0 |  0 |  0 |  0 |  0 | 
degree[v] : 0 |  0 |  0 |  3 |  5 |  0 |  2 |  3 |  3 |  2 |  3 |  0 |  1 |  2 |  2 |  1 |  1 |  2 |  3 |  1 |  1 |  1 |  2 |  2 |  1 |  1 | 
current vertex : 12
t : []
s = []
entered if condition D[12] = 0
f(12) = 3
L[f(12)] = 1
D[3] = 1 
D[12] = 1 
D[13] = 1 
D[14] = 1 
-----------------------------------------end-------------------------
--------------------------iteration - 6--------------------
vertices :  0 |  1 |  2 |  3 |  4 |  5 |  6 |  7 |  8 |  9 |  10 |  11 |  12 |  13 |  14 |  15 |  16 |  17 |  18 |  19 |  20 |  21 |  22 |  23 |  24 |  25 | 
D[v] :      1 |  1 |  1 |  1 |  1 |  1 |  1 |  0 |  0 |  0 |  0 |  1 |  1 |  1 |  1 |  1 |  1 |  1 |  0 |  0 |  0 |  0 |  0 |  0 |  0 |  0 | 
L[v] :      0 |  0 |  0 |  1 |  1 |  0 |  0 |  0 |  0 |  0 |  0 |  0 |  0 |  0 |  1 |  1 |  1 |  1 |  0 |  0 |  0 |  0 |  0 |  0 |  0 |  0 | 
degree[v] : 0 |  0 |  0 |  2 |  5 |  0 |  2 |  3 |  3 |  2 |  3 |  0 |  0 |  2 |  2 |  1 |  1 |  2 |  3 |  1 |  1 |  1 |  2 |  2 |  1 |  1 | 
current vertex : 15
t : []
s = [4,]
entered if condition : L[15] = 1
L[15] = 2
L[4] = 2
-----------------------------------------end-------------------------
--------------------------iteration - 7--------------------
vertices :  0 |  1 |  2 |  3 |  4 |  5 |  6 |  7 |  8 |  9 |  10 |  11 |  12 |  13 |  14 |  15 |  16 |  17 |  18 |  19 |  20 |  21 |  22 |  23 |  24 |  25 | 
D[v] :      1 |  1 |  1 |  1 |  1 |  1 |  1 |  0 |  0 |  0 |  0 |  1 |  1 |  1 |  1 |  1 |  1 |  1 |  0 |  0 |  0 |  0 |  0 |  0 |  0 |  0 | 
L[v] :      0 |  0 |  0 |  1 |  2 |  0 |  0 |  0 |  0 |  0 |  0 |  0 |  0 |  0 |  1 |  2 |  1 |  1 |  0 |  0 |  0 |  0 |  0 |  0 |  0 |  0 | 
degree[v] : 0 |  0 |  0 |  2 |  4 |  0 |  2 |  3 |  3 |  2 |  3 |  0 |  0 |  2 |  2 |  0 |  1 |  2 |  3 |  1 |  1 |  1 |  2 |  2 |  1 |  1 | 
current vertex : 16
t : []
s = []
entered if condition : L[16] = 1
else , else consition : L[16] = 2
else , else consition : L[2] = 2
-----------------------------------------end-------------------------
--------------------------iteration - 8--------------------
vertices :  0 |  1 |  2 |  3 |  4 |  5 |  6 |  7 |  8 |  9 |  10 |  11 |  12 |  13 |  14 |  15 |  16 |  17 |  18 |  19 |  20 |  21 |  22 |  23 |  24 |  25 | 
D[v] :      1 |  1 |  1 |  1 |  1 |  1 |  1 |  0 |  0 |  0 |  0 |  1 |  1 |  1 |  1 |  1 |  1 |  1 |  0 |  0 |  0 |  0 |  0 |  0 |  0 |  0 | 
L[v] :      0 |  0 |  2 |  1 |  2 |  0 |  0 |  0 |  0 |  0 |  0 |  0 |  0 |  0 |  1 |  2 |  2 |  1 |  0 |  0 |  0 |  0 |  0 |  0 |  0 |  0 | 
degree[v] : 0 |  0 |  0 |  2 |  3 |  0 |  2 |  3 |  3 |  2 |  3 |  0 |  0 |  2 |  2 |  0 |  0 |  2 |  3 |  1 |  1 |  1 |  2 |  2 |  1 |  1 | 
current vertex : 19
t : []
s = []
entered if condition D[19] = 0
f(19) = 7
L[f(19)] = 1
D[7] = 1 
D[19] = 1 
D[20] = 1 
D[18] = 1 
-----------------------------------------end-------------------------
--------------------------iteration - 9--------------------
vertices :  0 |  1 |  2 |  3 |  4 |  5 |  6 |  7 |  8 |  9 |  10 |  11 |  12 |  13 |  14 |  15 |  16 |  17 |  18 |  19 |  20 |  21 |  22 |  23 |  24 |  25 | 
D[v] :      1 |  1 |  1 |  1 |  1 |  1 |  1 |  1 |  0 |  0 |  0 |  1 |  1 |  1 |  1 |  1 |  1 |  1 |  1 |  1 |  1 |  0 |  0 |  0 |  0 |  0 | 
L[v] :      0 |  0 |  2 |  1 |  2 |  0 |  0 |  1 |  0 |  0 |  0 |  0 |  0 |  0 |  1 |  2 |  2 |  1 |  0 |  0 |  0 |  0 |  0 |  0 |  0 |  0 | 
degree[v] : 0 |  0 |  0 |  2 |  3 |  0 |  2 |  2 |  3 |  2 |  3 |  0 |  0 |  2 |  2 |  0 |  0 |  2 |  3 |  0 |  1 |  1 |  2 |  2 |  1 |  1 | 
current vertex : 20
t : []
s = [7,]
-----------------------------------------end-------------------------
--------------------------iteration - 10--------------------
vertices :  0 |  1 |  2 |  3 |  4 |  5 |  6 |  7 |  8 |  9 |  10 |  11 |  12 |  13 |  14 |  15 |  16 |  17 |  18 |  19 |  20 |  21 |  22 |  23 |  24 |  25 | 
D[v] :      1 |  1 |  1 |  1 |  1 |  1 |  1 |  1 |  0 |  0 |  0 |  1 |  1 |  1 |  1 |  1 |  1 |  1 |  1 |  1 |  1 |  0 |  0 |  0 |  0 |  0 | 
L[v] :      0 |  0 |  2 |  1 |  2 |  0 |  0 |  1 |  0 |  0 |  0 |  0 |  0 |  0 |  1 |  2 |  2 |  1 |  0 |  0 |  0 |  0 |  0 |  0 |  0 |  0 | 
degree[v] : 0 |  0 |  0 |  2 |  3 |  0 |  2 |  1 |  3 |  2 |  3 |  0 |  0 |  2 |  2 |  0 |  0 |  2 |  3 |  0 |  0 |  1 |  2 |  2 |  1 |  1 | 
current vertex : 7
t : []
s = []
entered if condition : L[7] = 1
else , if consition : L[18] = 0
L[7] = 2
L[18] = 2
D[7] = 1 
D[8] = 1 
D[6] = 1 
-----------------------------------------end-------------------------
--------------------------iteration - 11--------------------
vertices :  0 |  1 |  2 |  3 |  4 |  5 |  6 |  7 |  8 |  9 |  10 |  11 |  12 |  13 |  14 |  15 |  16 |  17 |  18 |  19 |  20 |  21 |  22 |  23 |  24 |  25 | 
D[v] :      1 |  1 |  1 |  1 |  1 |  1 |  1 |  1 |  1 |  0 |  0 |  1 |  1 |  1 |  1 |  1 |  1 |  1 |  1 |  1 |  1 |  0 |  0 |  0 |  0 |  0 | 
L[v] :      0 |  0 |  2 |  1 |  2 |  0 |  0 |  2 |  0 |  0 |  0 |  0 |  0 |  0 |  1 |  2 |  2 |  1 |  2 |  0 |  0 |  0 |  0 |  0 |  0 |  0 | 
degree[v] : 0 |  0 |  0 |  2 |  3 |  0 |  2 |  0 |  3 |  2 |  3 |  0 |  0 |  2 |  2 |  0 |  0 |  2 |  2 |  0 |  0 |  1 |  2 |  2 |  1 |  1 | 
current vertex : 21
t : []
s = []
entered if condition D[21] = 0
f(21) = 8
L[f(21)] = 1
D[8] = 1 
D[21] = 1 
D[22] = 1 
D[18] = 1 
-----------------------------------------end-------------------------
--------------------------iteration - 12--------------------
vertices :  0 |  1 |  2 |  3 |  4 |  5 |  6 |  7 |  8 |  9 |  10 |  11 |  12 |  13 |  14 |  15 |  16 |  17 |  18 |  19 |  20 |  21 |  22 |  23 |  24 |  25 | 
D[v] :      1 |  1 |  1 |  1 |  1 |  1 |  1 |  1 |  1 |  0 |  0 |  1 |  1 |  1 |  1 |  1 |  1 |  1 |  1 |  1 |  1 |  1 |  1 |  0 |  0 |  0 | 
L[v] :      0 |  0 |  2 |  1 |  2 |  0 |  0 |  2 |  1 |  0 |  0 |  0 |  0 |  0 |  1 |  2 |  2 |  1 |  2 |  0 |  0 |  0 |  0 |  0 |  0 |  0 | 
degree[v] : 0 |  0 |  0 |  2 |  3 |  0 |  2 |  0 |  2 |  2 |  3 |  0 |  0 |  2 |  2 |  0 |  0 |  2 |  2 |  0 |  0 |  0 |  2 |  2 |  1 |  1 | 
current vertex : 24
t : []
s = []
entered if condition D[24] = 0
f(24) = 10
L[f(24)] = 1
D[10] = 1 
D[24] = 1 
D[25] = 1 
D[23] = 1 
-----------------------------------------end-------------------------
--------------------------iteration - 13--------------------
vertices :  0 |  1 |  2 |  3 |  4 |  5 |  6 |  7 |  8 |  9 |  10 |  11 |  12 |  13 |  14 |  15 |  16 |  17 |  18 |  19 |  20 |  21 |  22 |  23 |  24 |  25 | 
D[v] :      1 |  1 |  1 |  1 |  1 |  1 |  1 |  1 |  1 |  0 |  1 |  1 |  1 |  1 |  1 |  1 |  1 |  1 |  1 |  1 |  1 |  1 |  1 |  1 |  1 |  1 | 
L[v] :      0 |  0 |  2 |  1 |  2 |  0 |  0 |  2 |  1 |  0 |  1 |  0 |  0 |  0 |  1 |  2 |  2 |  1 |  2 |  0 |  0 |  0 |  0 |  0 |  0 |  0 | 
degree[v] : 0 |  0 |  0 |  2 |  3 |  0 |  2 |  0 |  2 |  2 |  2 |  0 |  0 |  2 |  2 |  0 |  0 |  2 |  2 |  0 |  0 |  0 |  2 |  2 |  0 |  1 | 
current vertex : 25
t : []
s = [10,]
-----------------------------------------end-------------------------
--------------------------iteration - 14--------------------
vertices :  0 |  1 |  2 |  3 |  4 |  5 |  6 |  7 |  8 |  9 |  10 |  11 |  12 |  13 |  14 |  15 |  16 |  17 |  18 |  19 |  20 |  21 |  22 |  23 |  24 |  25 | 
D[v] :      1 |  1 |  1 |  1 |  1 |  1 |  1 |  1 |  1 |  0 |  1 |  1 |  1 |  1 |  1 |  1 |  1 |  1 |  1 |  1 |  1 |  1 |  1 |  1 |  1 |  1 | 
L[v] :      0 |  0 |  2 |  1 |  2 |  0 |  0 |  2 |  1 |  0 |  1 |  0 |  0 |  0 |  1 |  2 |  2 |  1 |  2 |  0 |  0 |  0 |  0 |  0 |  0 |  0 | 
degree[v] : 0 |  0 |  0 |  2 |  3 |  0 |  2 |  0 |  2 |  2 |  1 |  0 |  0 |  2 |  2 |  0 |  0 |  2 |  2 |  0 |  0 |  0 |  2 |  2 |  0 |  0 | 
current vertex : 10
t : []
s = []
entered if condition : L[10] = 1
else , if consition : L[23] = 0
L[10] = 2
L[23] = 2
D[10] = 1 
D[9] = 1 
-----------------------------------------end-------------------------
--------------------------iteration - 15--------------------
vertices :  0 |  1 |  2 |  3 |  4 |  5 |  6 |  7 |  8 |  9 |  10 |  11 |  12 |  13 |  14 |  15 |  16 |  17 |  18 |  19 |  20 |  21 |  22 |  23 |  24 |  25 | 
D[v] :      1 |  1 |  1 |  1 |  1 |  1 |  1 |  1 |  1 |  1 |  1 |  1 |  1 |  1 |  1 |  1 |  1 |  1 |  1 |  1 |  1 |  1 |  1 |  1 |  1 |  1 | 
L[v] :      0 |  0 |  2 |  1 |  2 |  0 |  0 |  2 |  1 |  0 |  2 |  0 |  0 |  0 |  1 |  2 |  2 |  1 |  2 |  0 |  0 |  0 |  0 |  2 |  0 |  0 | 
degree[v] : 0 |  0 |  0 |  2 |  3 |  0 |  2 |  0 |  2 |  2 |  0 |  0 |  0 |  2 |  2 |  0 |  0 |  2 |  2 |  0 |  0 |  0 |  2 |  1 |  0 |  0 | 
current vertex : 23
t : []
s = []
-----------------------------------------end-------------------------
--------------------------iteration - 16--------------------
vertices :  0 |  1 |  2 |  3 |  4 |  5 |  6 |  7 |  8 |  9 |  10 |  11 |  12 |  13 |  14 |  15 |  16 |  17 |  18 |  19 |  20 |  21 |  22 |  23 |  24 |  25 | 
D[v] :      1 |  1 |  1 |  1 |  1 |  1 |  1 |  1 |  1 |  1 |  1 |  1 |  1 |  1 |  1 |  1 |  1 |  1 |  1 |  1 |  1 |  1 |  1 |  1 |  1 |  1 | 
L[v] :      0 |  0 |  2 |  1 |  2 |  0 |  0 |  2 |  1 |  0 |  2 |  0 |  0 |  0 |  1 |  2 |  2 |  1 |  2 |  0 |  0 |  0 |  0 |  2 |  0 |  0 | 
degree[v] : 0 |  0 |  0 |  2 |  3 |  0 |  2 |  0 |  2 |  1 |  0 |  0 |  0 |  2 |  2 |  0 |  0 |  2 |  2 |  0 |  0 |  0 |  2 |  0 |  0 |  0 | 
current vertex : 9
t : []
s = []
-----------------------------------------end-------------------------
--------------------------iteration - 17--------------------
vertices :  0 |  1 |  2 |  3 |  4 |  5 |  6 |  7 |  8 |  9 |  10 |  11 |  12 |  13 |  14 |  15 |  16 |  17 |  18 |  19 |  20 |  21 |  22 |  23 |  24 |  25 | 
D[v] :      1 |  1 |  1 |  1 |  1 |  1 |  1 |  1 |  1 |  1 |  1 |  1 |  1 |  1 |  1 |  1 |  1 |  1 |  1 |  1 |  1 |  1 |  1 |  1 |  1 |  1 | 
L[v] :      0 |  0 |  2 |  1 |  2 |  0 |  0 |  2 |  1 |  0 |  2 |  0 |  0 |  0 |  1 |  2 |  2 |  1 |  2 |  0 |  0 |  0 |  0 |  2 |  0 |  0 | 
degree[v] : 0 |  0 |  0 |  2 |  3 |  0 |  2 |  0 |  2 |  0 |  0 |  0 |  0 |  2 |  2 |  0 |  0 |  2 |  2 |  0 |  0 |  0 |  1 |  0 |  0 |  0 | 
current vertex : 22
t : []
s = [8,]
-----------------------------------------end-------------------------
--------------------------iteration - 18--------------------
vertices :  0 |  1 |  2 |  3 |  4 |  5 |  6 |  7 |  8 |  9 |  10 |  11 |  12 |  13 |  14 |  15 |  16 |  17 |  18 |  19 |  20 |  21 |  22 |  23 |  24 |  25 | 
D[v] :      1 |  1 |  1 |  1 |  1 |  1 |  1 |  1 |  1 |  1 |  1 |  1 |  1 |  1 |  1 |  1 |  1 |  1 |  1 |  1 |  1 |  1 |  1 |  1 |  1 |  1 | 
L[v] :      0 |  0 |  2 |  1 |  2 |  0 |  0 |  2 |  1 |  0 |  2 |  0 |  0 |  0 |  1 |  2 |  2 |  1 |  2 |  0 |  0 |  0 |  0 |  2 |  0 |  0 | 
degree[v] : 0 |  0 |  0 |  2 |  3 |  0 |  2 |  0 |  1 |  0 |  0 |  0 |  0 |  2 |  2 |  0 |  0 |  2 |  2 |  0 |  0 |  0 |  0 |  0 |  0 |  0 | 
current vertex : 8
t : []
s = []
entered if condition : L[8] = 1
else , else consition : L[8] = 2
else , else consition : L[22] = 2
-----------------------------------------end-------------------------
--------------------------iteration - 19--------------------
vertices :  0 |  1 |  2 |  3 |  4 |  5 |  6 |  7 |  8 |  9 |  10 |  11 |  12 |  13 |  14 |  15 |  16 |  17 |  18 |  19 |  20 |  21 |  22 |  23 |  24 |  25 | 
D[v] :      1 |  1 |  1 |  1 |  1 |  1 |  1 |  1 |  1 |  1 |  1 |  1 |  1 |  1 |  1 |  1 |  1 |  1 |  1 |  1 |  1 |  1 |  1 |  1 |  1 |  1 | 
L[v] :      0 |  0 |  2 |  1 |  2 |  0 |  0 |  2 |  2 |  0 |  2 |  0 |  0 |  0 |  1 |  2 |  2 |  1 |  2 |  0 |  0 |  0 |  2 |  2 |  0 |  0 | 
degree[v] : 0 |  0 |  0 |  2 |  3 |  0 |  2 |  0 |  0 |  0 |  0 |  0 |  0 |  2 |  2 |  0 |  0 |  2 |  1 |  0 |  0 |  0 |  0 |  0 |  0 |  0 | 
current vertex : 18
t : []
s = []
-----------------------------------------end-------------------------
--------------------------iteration - 20--------------------
vertices :  0 |  1 |  2 |  3 |  4 |  5 |  6 |  7 |  8 |  9 |  10 |  11 |  12 |  13 |  14 |  15 |  16 |  17 |  18 |  19 |  20 |  21 |  22 |  23 |  24 |  25 | 
D[v] :      1 |  1 |  1 |  1 |  1 |  1 |  1 |  1 |  1 |  1 |  1 |  1 |  1 |  1 |  1 |  1 |  1 |  1 |  1 |  1 |  1 |  1 |  1 |  1 |  1 |  1 | 
L[v] :      0 |  0 |  2 |  1 |  2 |  0 |  0 |  2 |  2 |  0 |  2 |  0 |  0 |  0 |  1 |  2 |  2 |  1 |  2 |  0 |  0 |  0 |  2 |  2 |  0 |  0 | 
degree[v] : 0 |  0 |  0 |  2 |  3 |  0 |  1 |  0 |  0 |  0 |  0 |  0 |  0 |  2 |  2 |  0 |  0 |  2 |  0 |  0 |  0 |  0 |  0 |  0 |  0 |  0 | 
current vertex : 6
t : []
s = [17,]
-----------------------------------------end-------------------------
--------------------------iteration - 21--------------------
vertices :  0 |  1 |  2 |  3 |  4 |  5 |  6 |  7 |  8 |  9 |  10 |  11 |  12 |  13 |  14 |  15 |  16 |  17 |  18 |  19 |  20 |  21 |  22 |  23 |  24 |  25 | 
D[v] :      1 |  1 |  1 |  1 |  1 |  1 |  1 |  1 |  1 |  1 |  1 |  1 |  1 |  1 |  1 |  1 |  1 |  1 |  1 |  1 |  1 |  1 |  1 |  1 |  1 |  1 | 
L[v] :      0 |  0 |  2 |  1 |  2 |  0 |  0 |  2 |  2 |  0 |  2 |  0 |  0 |  0 |  1 |  2 |  2 |  1 |  2 |  0 |  0 |  0 |  2 |  2 |  0 |  0 | 
degree[v] : 0 |  0 |  0 |  2 |  3 |  0 |  0 |  0 |  0 |  0 |  0 |  0 |  0 |  2 |  2 |  0 |  0 |  1 |  0 |  0 |  0 |  0 |  0 |  0 |  0 |  0 | 
current vertex : 17
t : []
s = []
entered if condition : L[17] = 1
else , else consition : L[17] = 2
else , else consition : L[6] = 2
-----------------------------------------end-------------------------
--------------------------iteration - 22--------------------
vertices :  0 |  1 |  2 |  3 |  4 |  5 |  6 |  7 |  8 |  9 |  10 |  11 |  12 |  13 |  14 |  15 |  16 |  17 |  18 |  19 |  20 |  21 |  22 |  23 |  24 |  25 | 
D[v] :      1 |  1 |  1 |  1 |  1 |  1 |  1 |  1 |  1 |  1 |  1 |  1 |  1 |  1 |  1 |  1 |  1 |  1 |  1 |  1 |  1 |  1 |  1 |  1 |  1 |  1 | 
L[v] :      0 |  0 |  2 |  1 |  2 |  0 |  2 |  2 |  2 |  0 |  2 |  0 |  0 |  0 |  1 |  2 |  2 |  2 |  2 |  0 |  0 |  0 |  2 |  2 |  0 |  0 | 
degree[v] : 0 |  0 |  0 |  2 |  2 |  0 |  0 |  0 |  0 |  0 |  0 |  0 |  0 |  2 |  2 |  0 |  0 |  0 |  0 |  0 |  0 |  0 |  0 |  0 |  0 |  0 | 
current vertex : 3
t : []
s = [14,]
entered if condition : L[3] = 1
L[3] = 2
L[14] = 2
-----------------------------------------end-------------------------
--------------------------iteration - 23--------------------
vertices :  0 |  1 |  2 |  3 |  4 |  5 |  6 |  7 |  8 |  9 |  10 |  11 |  12 |  13 |  14 |  15 |  16 |  17 |  18 |  19 |  20 |  21 |  22 |  23 |  24 |  25 | 
D[v] :      1 |  1 |  1 |  1 |  1 |  1 |  1 |  1 |  1 |  1 |  1 |  1 |  1 |  1 |  1 |  1 |  1 |  1 |  1 |  1 |  1 |  1 |  1 |  1 |  1 |  1 | 
L[v] :      0 |  0 |  2 |  2 |  2 |  0 |  2 |  2 |  2 |  0 |  2 |  0 |  0 |  0 |  2 |  2 |  2 |  2 |  2 |  0 |  0 |  0 |  2 |  2 |  0 |  0 | 
degree[v] : 0 |  0 |  0 |  0 |  2 |  0 |  0 |  0 |  0 |  0 |  0 |  0 |  0 |  1 |  1 |  0 |  0 |  0 |  0 |  0 |  0 |  0 |  0 |  0 |  0 |  0 | 
current vertex : 13
t : []
s = []
-----------------------------------------end-------------------------
--------------------------iteration - 24--------------------
vertices :  0 |  1 |  2 |  3 |  4 |  5 |  6 |  7 |  8 |  9 |  10 |  11 |  12 |  13 |  14 |  15 |  16 |  17 |  18 |  19 |  20 |  21 |  22 |  23 |  24 |  25 | 
D[v] :      1 |  1 |  1 |  1 |  1 |  1 |  1 |  1 |  1 |  1 |  1 |  1 |  1 |  1 |  1 |  1 |  1 |  1 |  1 |  1 |  1 |  1 |  1 |  1 |  1 |  1 | 
L[v] :      0 |  0 |  2 |  2 |  2 |  0 |  2 |  2 |  2 |  0 |  2 |  0 |  0 |  0 |  2 |  2 |  2 |  2 |  2 |  0 |  0 |  0 |  2 |  2 |  0 |  0 | 
degree[v] : 0 |  0 |  0 |  0 |  1 |  0 |  0 |  0 |  0 |  0 |  0 |  0 |  0 |  0 |  1 |  0 |  0 |  0 |  0 |  0 |  0 |  0 |  0 |  0 |  0 |  0 | 
current vertex : 4
t : []
s = []
-----------------------------------------end-------------------------
--------------------------iteration - 25--------------------
vertices :  0 |  1 |  2 |  3 |  4 |  5 |  6 |  7 |  8 |  9 |  10 |  11 |  12 |  13 |  14 |  15 |  16 |  17 |  18 |  19 |  20 |  21 |  22 |  23 |  24 |  25 | 
D[v] :      1 |  1 |  1 |  1 |  1 |  1 |  1 |  1 |  1 |  1 |  1 |  1 |  1 |  1 |  1 |  1 |  1 |  1 |  1 |  1 |  1 |  1 |  1 |  1 |  1 |  1 | 
L[v] :      0 |  0 |  2 |  2 |  2 |  0 |  2 |  2 |  2 |  0 |  2 |  0 |  0 |  0 |  2 |  2 |  2 |  2 |  2 |  0 |  0 |  0 |  2 |  2 |  0 |  0 | 
degree[v] : 0 |  0 |  0 |  0 |  0 |  0 |  0 |  0 |  0 |  0 |  0 |  0 |  0 |  0 |  0 |  0 |  0 |  0 |  0 |  0 |  0 |  0 |  0 |  0 |  0 |  0 | 
current vertex : 14
t : []
s = []
-----------------------------------------end-------------------------
15-----> 4
16-----> 2
7-----> 18
10-----> 23
8-----> 22
17-----> 6
3-----> 14
